91,35
10,10
10,94
10,102
10,216
10,158
10,74
10,188
10,214
11,24
11,12
11,20
11,4
11,16
11,14
11,22
9,6
9,4
8,15
8,17
8,4
8,10
8,11
89,4
89,3
89,2
89,1
89,0
88,3
88,2
88,1
88,0
87,4
87,3
87,2
87,1
87,0
86,4
86,3
86,2
86,1
86,0
85,3
85,2
85,1
85,0
20,3
20,2
20,1
19,3
19,2
19,1
12,3
12,2
12,1
11,29
11,25
11,23
11,19
11,17
11,13
11,9
11,3
11,2
11,1
10,275
18,1
10,269
10,255
18,3
10,221
10,185
14,1
10,165
14,3
13,1
10,145
10,3
13,3
10,2
10,1
9,7
9,5
9,3
9,2
9,1
8,18
8,9
8,7
8,6
8,5
8,3
8,2
8,1
3,3
3,2
3,1
2,3
2,2
2,1
0,0
91,34
91,33
91,32
91,31
